50
0.24418077745496936 0.2129280430159361
0.34418077745496933 0.3129280430159361
0.02947479345086851 0.13046916901451527
0.1294747934508685 0.23046916901451525
0.5474097775071632 0.613653540250571
0.6474097775071633 0.713653540250571
-0.03647742837590396 0.8298146149368137
0.06352257162409604 0.9298146149368138
0.574602669901149 0.25997416526807293
0.6746026699011491 0.3599741652680729
0.7716905551193418 0.21832386776803114
0.8716905551193419 0.3183238677680311
-0.018961776237318075 0.563951529136355
0.08103822376268194 0.6639515291363551
0.04770624401107687 0.6761277003004668
0.14770624401107688 0.7761277003004668
0.8844372598574909 0.7723436317961302
0.984437259857491 0.8723436317961303
0.7330204096051681 0.5315722236239789
0.8330204096051682 0.631572223623979
0.14091485299084516 0.4092376635696917
0.24091485299084514 0.5092376635696917
0.0027565682471004174 0.11777650682861653
0.10275656824710042 0.21777650682861655
0.3967437654538672 0.7576361998934739
0.49674376545386717 0.857636199893474
-0.03876147980986976 0.8364426054845836
0.06123852019013024 0.9364426054845837
0.20927557813915265 0.903686381321557
0.30927557813915263 1.003686381321557
0.45105318957949775 0.01779749607715715
0.5510531895794978 0.11779749607715716
0.3004854525634492 0.5681167682199079
0.4004854525634492 0.668116768219908
0.9013387929020662 0.45309481836344906
1.0013387929020663 0.5530948183634491
0.024734082100170515 0.853681957953547
0.12473408210017052 0.953681957953547
0.4531511906600119 0.5124372296449909
0.553151190660012 0.612437229644991
-0.029188745456243656 -0.024745833595276108
0.07081125454375635 0.0752541664047239
0.71332580156205 0.9377992756041204
0.8133258015620501 1.0377992756041203
0.8933084776032193 0.4567607229597142
0.9933084776032194 0.5567607229597142
0.5718683964079524 0.41473574520181666
0.6718683964079525 0.5147357452018166
0.4792238671496926 0.9351910273014754
0.5792238671496927 1.0351910273014755
0.8708758739587101 0.8989137051958173
0.9708758739587102 0.9989137051958173
0.6473309748481517 0.6456920099338183
0.7473309748481518 0.7456920099338183
0.3017390276897178 0.3265474829445011
0.40173902768971775 0.42654748294450107
0.8128973650074922 0.49760533310540406
0.9128973650074923 0.5976053331054041
0.8385826878798711 0.04601797629277725
0.9385826878798712 0.14601797629277724
0.478576597554985 0.017760231087187037
0.578576597554985 0.11776023108718704
0.8222815845480704 0.08472823872534936
0.9222815845480705 0.18472823872534938
0.8673188332857399 0.3523228430506519
0.96731883328574 0.4523228430506519
0.4388236650432452 0.7424179140759164
0.5388236650432452 0.8424179140759165
0.3360561810990932 0.7429070476303287
0.43605618109909317 0.8429070476303288
0.08860316711468598 0.4833582620565842
0.188603167114686 0.5833582620565843
0.09027874965418993 0.3611007403855464
0.19027874965418995 0.4611007403855464
0.24651719116174614 0.07431778845143903
0.3465171911617461 0.17431778845143903
0.4622673734811609 0.38306812215577984
0.562267373481161 0.4830681221557798
0.6757651521163758 0.946704195115748
0.7757651521163759 1.046704195115748
-0.002349852301095849 0.332745663747832
0.09765014769890415 0.43274566374783197
0.40211725817893007 0.1589553869936216
0.50211725817893 0.25895538699362164
-0.0028741914427162993 0.3066720458973235
0.0971258085572837 0.4066720458973235
0.9169093654808937 0.21202493900363523
1.0169093654808938 0.3120249390036352
0.4479382317291223 -0.029248907001880944
0.5479382317291223 0.07075109299811906
0.406230025971737 0.2092917771796084
0.506230025971737 0.3092917771796084
0.4271673513177932 0.10622483254352909
0.5271673513177932 0.20622483254352908
0.512338355108055 0.8175563073213739
0.6123383551080551 0.9175563073213739
0.6028940995044056 0.25411627408567283
0.7028940995044057 0.3541162740856728
0.18068712182612218 0.7338828686507568
0.2806871218261222 0.8338828686507569